Webots Project File version R2021a
perspectives: 000000ff00000000fd000000030000000000000320000003f8fc0100000002fb0000001e00480074006d006c0052006f0062006f007400570069006e0064006f00770000000000000003200000000000000000fb0000001a0044006f00630075006d0065006e0074006100740069006f006e0000000000ffffffff0000004e00ffffff00000001000001c100000359fc0200000001fb0000001400540065007800740045006400690074006f0072010000000000000359000000a200ffffff0000000300000780000000befc0100000002fb0000001a0043006f006e0073006f006c00650041006c006c0041006c006c0100000000000007800000004e00fffffffb0000000e0043006f006e0073006f006c00650100000000000005000000000000000000000005b90000035900000001000000020000000100000008fc00000000
simulationViewPerspectives: 000000ff0000000100000002000001180000021b0100000006010000000100
sceneTreePerspectives: 000000ff000000010000000200000101000000fc0100000006010000000200
maximizedDockId: -1
centralWidgetVisible: 1
orthographicViewHeight: 1
textFiles: 0 "controllers/my_controller/my_controller.py"
consoles: Console:All:All
renderingDevicePerspectives: e-puck:camera;1;4.46154;0;0.778616
